0.693770048
0.505261996
0.267218714
0.260132577
-0.026776704
0.609486721
0.538182109
0.088176785
-0.654417752
-0.148103547
-0.150814619
0.63984827
-0.456800064
-0.504720719
0.300991444
-0.251604872
0.505991414
0.197343298
-0.670551789
-0.005056216
-0.067867533
0.639682695
0.255411352
-0.333138579
0.033881472
0.307453454
0.249714846
-0.501734148
0.229779348
0.578762938
0.614576845
-0.097000041
-0.231977554
0.298850892
-0.610011932
-0.335653845
-0.403433428
-0.064274084
-0.630372096
-0.309195712
0.214750567
0.278941084
-0.657223151
-0.651144272
-0.244941841
0.199930724
-0.297904017
0.158458945
-0.41180354
-0.109608507
