-0.0238015186041594
0.00558688212186098
0.0113524636253715
4.89068188471720e-05
-0.0471741966903210
-0.0783864706754684
-0.0204598549753428
0.00540841184556484
0.00648901145905256
0.0563662014901638
-0.00279540917836130
-0.000427164632128552
-0.0925152823328972
-0.0117653505876660
0.00578008685261011
-0.0725037157535553
-0.00626057293266058
-0.00427769683301449
-0.109537862241268
0.00762604549527168
0.0499989315867424
0.000376901356503367
-0.0690044760704041
-0.0482202693820000
-0.00390421412885189
0.000137176204589196
0.00593506125733256
0.127771273255348
0.0103366710245609
-0.0198853015899658
0.0774144455790520
0.0106062898412347